9916
6586
703
6568
7834
2786
4028
2455
6016
247
4675
6223
2438
4328
9010
5500
1341
4852
7774
8071
4500
494
7854
9414
3195
5107
8298
9757
6078
604
4172
4354
9145
3364
2979
1182
6784
1089
2748
6398
1763
3840
9789
4745
8486
1460
6324
2385
3908
458
2031
7113
6151
8909
4738
7307
3545
3013
3583
214
6954
8520
6985
2558
556
7817
9376
3416
2218
2817
5533
7149
9291
9913
5376
4683
1918
9430
7368
5160
428
8703
7640
8484
1243
7518
4729
2591
9787
7249
3798
6693
6826
1477
5790
3704
1819
1743
24
3359
9894
8345
4147
1814
1991
973
4888
8634
4455
5071
4276
7377
2654
7539
7525
5893
6487
4220
402
4368
1172
470
616
4664
590
9388
988
2067
6998
4263
2062
4826
8870
9607
6280
8728
4058
3913
673
8184
8202
5800
8451
5239
910
4635
4748
1563
6844
8586
8962
87
2429
6027
1530
1231
1914
9096
4331
4863
9226
634
77
7659
7304
132
905
7015
1087
9782
1416
5547
836
4052
5380
5767
9638
2568
7204
5545
6271
6360
45
6306
4920
5832
3806
9102
6170
9234
2491
1228
1137
2203
9834
989
8673
9245
6115
228
2357
5672
8357
2916
1263
4960
9309
2288
5216
514
8787
7373
2347
7603
5189
432
3605
6242
6050
4454
5552
1618
457
4995
2161
3079
1529
8433
3780
4308
3395
8370
1343
5831
6722
4431
531
5961
8092
3715
991
938
3425
8748
7705
3706
479
4067
9952
4977
5696
2765
6163
9801
1042
8623
5019
9730
6869
7191
1717
9087
2628
4633
4413
7700
133
2863
1113
4289
3179
3124
3234
376
2428
9477
9593
6508
5345
8970
8000
1347
9992
5017
5355
7271
3339
3678
9041
2453
2954
8011
7340
6903
414
5846
8382
3799
9840
9088
2816
6557
1714
919
3849
288
5064
6884
54
8270
7171
160
1412
9353
8587
7203
5688
7579
1896
5679
472
2409
9063
5198
9463
9934
7979
5789
169
7240
167
4326
9244
8617
5014
473
5104
9328
8726
2796
2499
5256
2598
6775
4834
2478
706
1568
5460
551
8749
1196
3716
3601
4020
4177
9263
4689
4799
9643
9196
581
6194
5386
4357
9617
5044
6859
5726
8639
302
2090
4364
130
7463
476
7292
4586
8541
9271
1350
7902
3027
5328
9377
5947
852
1423
8363
6166
6565
2046
6096
2829
59
309
7457
3929
2080
4806
7533
5143
8823
4382
47
1856
4975
9565
9865
71
3092
8937
8742
7209
3630
4004
7971
9
6854
6047
6863
8153
6263
9618
1897
1800
1772
8082
6908
7357
6493
3864
4526
2507
8302
3063
276
3348
4681
3920
1739
72
7136
6381
7058
5101
3344
3287
444
4503
8228
9957
2754
4132
4296
7446
7981
1063
1146
258
5206
9280
7432
9962
6453
9420
5587
6882
3649
3452
8709
1149
9218
9470
5141
1595
5687
8600
1631
7684
6034
7010
2327
9358
9374
4173
2694
9589
679
9074
6717
1564
8642
7454
8311
1793
7365
4469
9217
304
